0 0 0 0 0 0 0 0 0 0 0 0 0 0 0 0 0 0 0 0 0 0 0 0 0 0 0 0
0 0 0 0 0 0 0 0 0 0 0 0 0 0 0 0 0 0 0 0 0 0 0 0 0 0 0 0
0 0 0 0 0 0 0 0 0 0 0 0 0 0 0 0 0 0 0 0 0 0 0 0 0 0 0 0
0 0 0 0 0 0 0 0 0 0 6.77778 7.11111 11.7778 18.1111 39.2222 47.6667 47.6667 33 19.8889 6.77778 0 0 0 0 0 0 0 0
0 0 0 0 0 0 0 0 1.55556 21.4444 55.4444 80.4444 92.1111 99.4444 122.556 132.333 132.333 116.667 101.444 69.4444 35.4444 9.33333 0 0 0 0 0 0
0 0 0 0 0 0 0 0 18.3333 66.4444 128.667 165.111 172.222 172.667 187.333 193.222 191.889 184.667 177.889 152.667 95.5556 41.2222 5.11111 0 0 0 0 0
0 0 0 0 0 0 0 4.77778 49.2222 125.556 201.333 218.444 195.778 166.111 152.556 146.889 144.444 166.111 200.444 216.444 171.111 90.6667 26.2222 1.88889 0 0 0 0
0 0 0 0 0 0 0 11 82.1111 166.667 220.889 185.111 127.333 84.7778 69.2222 62.2222 59.7778 82.4444 133.778 196.444 206.556 145.667 62.7778 10.2222 0 0 0 0
0 0 0 0 0 0 0 18 100.556 174.444 193.444 118 47.2222 11.5556 4.44444 1.33333 0.222222 14.4444 57.3333 137.778 199.222 184 103.333 27.6667 0 0 0 0
0 0 0 0 0 0 0 34.7778 119.444 176.556 153.667 69 11.8889 0 0 0 0 0 14.8889 83.8889 168.556 203.111 134.111 49.4444 0 0 0 0
0 0 0 0 0 0 3.77778 56.7778 139.778 171.444 118.444 35.4444 0 0 0 0 0 0 0 50.5556 135.222 200 149.444 64.7778 0 0 0 0
0 0 0 0 0 0 17.7778 92 165.778 165.889 91.6667 17.8889 0 0 0 0 0 0 0 35.3333 120 191 155.667 71 0 0 0 0
0 0 0 0 0 0 41.5556 120.778 173 137.889 58.6667 6.44444 0 0 0 0 0 0 0 28 112.667 183.667 155.667 71 0 0 0 0
0 0 0 0 0 0 61.5556 138.444 164.111 102.556 25.6667 0 0 0 0 0 0 0 0 28 112.667 183.667 155.667 71 0 0 0 0
0 0 0 0 0 1.22222 73.1111 143.889 149.333 77.4444 6.66667 0 0 0 0 0 0 0 0 28 112.667 183.667 155.667 71 0 0 0 0
0 0 0 0 0 12.1111 88.4444 154.778 142.667 66.3333 0 0 0 0 0 0 0 0 0 36.6667 121.333 191.889 155.222 70.5556 0 0 0 0
0 0 0 0 0 23 103.778 170.111 147.111 66.3333 0 0 0 0 0 0 0 0 5.66667 59.4444 144.111 193.667 139.889 55.2222 0 0 0 0
0 0 0 0 0 32.6667 117.333 183.667 151 66.3333 0 0 0 0 0 0 0 5.66667 29.6667 102.333 174.778 182.778 110.111 32 0 0 0 0
0 0 0 0 0 29.1111 112.333 178.667 149.556 66.3333 0 0 0 0 0 0 0.333333 24.5556 76.7778 156.333 188.111 144.667 64.7778 8.77778 0 0 0 0
0 0 0 0 0 18.2222 97 164.889 148.889 70.1111 2.22222 0 0 0 5.11111 22 44.7778 92.1111 150 187.667 163 88.6667 28.2222 0.444444 0 0 0 0
0 0 0 0 0 7.33333 81.6667 155.667 173.222 118.889 64.8889 60 60 60 71.2222 96.3333 127.333 168.889 197.556 179.889 113.222 39.4444 6.11111 0 0 0 0 0
0 0 0 0 0 0 56.5556 131.222 184.333 176 149.556 144.667 144.667 144.667 155.889 180.778 209.222 217.333 189.778 121.222 53.6667 8.11111 0 0 0 0 0 0
0 0 0 0 0 0 32.7778 86.6667 160.889 204.556 227.111 229.333 229.333 229.333 224.222 215.556 193.333 161.333 110.889 57.7778 18.4444 1.11111 0 0 0 0 0 0
0 0 0 0 0 0 9 34.6667 86.2222 133.667 164.444 169.333 169.333 169.333 158.111 141.222 110.778 78.8889 39.3333 13.3333 0 0 0 0 0 0 0 0
0 0 0 0 0 0 0 2.88889 26.2222 54.4444 79.7778 84.6667 84.6667 84.6667 73.4444 56.7778 28.5556 11.5556 0 0 0 0 0 0 0 0 0 0
0 0 0 0 0 0 0 0 0 0 0 0 0 0 0 0 0 0 0 0 0 0 0 0 0 0 0 0
0 0 0 0 0 0 0 0 0 0 0 0 0 0 0 0 0 0 0 0 0 0 0 0 0 0 0 0
0 0 0 0 0 0 0 0 0 0 0 0 0 0 0 0 0 0 0 0 0 0 0 0 0 0 0 0