Hocanin verdigi ilk matrix(txt den alinan)
0 0 0 0 0 0 0 0 0 0 0 0 0 0 0 0 0 0 0 0 0 0 0 0 0 0 0 0
0 0 0 0 0 0 0 0 0 0 0 0 0 0 0 0 0 0 0 0 0 0 0 0 0 0 0 0
0 0 0 0 0 0 0 0 0 0 0 0 0 0 0 0 0 0 0 0 0 0 0 0 0 0 0 0
0 0 0 0 0 0 0 0 0 0 0 0 0 0 0 0 0 0 0 0 0 0 0 0 0 0 0 0
0 0 0 0 0 0 0 0 0 0 0 61 3 42 118 193 118 118 61 0 0 0 0 0 0 0 0 0
0 0 0 0 0 0 0 0 0 14 179 245 236 242 254 254 254 254 245 235 84 0 0 0 0 0 0 0
0 0 0 0 0 0 0 0 0 151 254 254 254 213 192 178 178 180 254 254 241 46 0 0 0 0 0 0
0 0 0 0 0 0 0 0 43 235 254 226 64 28 12 0 0 2 128 252 255 173 17 0 0 0 0 0
0 0 0 0 0 0 0 0 56 254 253 107 0 0 0 0 0 0 0 134 250 254 75 0 0 0 0 0
0 0 0 0 0 0 0 0 63 254 158 0 0 0 0 0 0 0 0 0 221 254 157 0 0 0 0 0
0 0 0 0 0 0 0 0 194 254 103 0 0 0 0 0 0 0 0 0 150 254 213 0 0 0 0 0
0 0 0 0 0 0 0 34 220 239 58 0 0 0 0 0 0 0 0 0 84 254 213 0 0 0 0 0
0 0 0 0 0 0 0 126 254 171 0 0 0 0 0 0 0 0 0 0 84 254 213 0 0 0 0 0
0 0 0 0 0 0 0 214 239 60 0 0 0 0 0 0 0 0 0 0 84 254 213 0 0 0 0 0
0 0 0 0 0 0 0 214 199 0 0 0 0 0 0 0 0 0 0 0 84 254 213 0 0 0 0 0
0 0 0 0 0 0 11 219 199 0 0 0 0 0 0 0 0 0 0 0 84 254 213 0 0 0 0 0
0 0 0 0 0 0 98 254 199 0 0 0 0 0 0 0 0 0 0 0 162 254 209 0 0 0 0 0
0 0 0 0 0 0 98 254 199 0 0 0 0 0 0 0 0 0 0 51 238 254 75 0 0 0 0 0
0 0 0 0 0 0 98 254 199 0 0 0 0 0 0 0 0 0 51 165 254 195 4 0 0 0 0 0
0 0 0 0 0 0 66 241 199 0 0 0 0 0 0 0 0 3 167 254 227 55 0 0 0 0 0 0
0 0 0 0 0 0 0 214 213 20 0 0 0 0 0 46 152 202 254 254 63 0 0 0 0 0 0 0
0 0 0 0 0 0 0 214 254 204 180 180 180 180 180 235 254 254 234 156 10 0 0 0 0 0 0 0
0 0 0 0 0 0 0 81 205 254 254 254 254 254 254 254 252 234 120 0 0 0 0 0 0 0 0 0
0 0 0 0 0 0 0 0 26 210 254 254 254 254 254 153 104 0 0 0 0 0 0 0 0 0 0 0
0 0 0 0 0 0 0 0 0 0 0 0 0 0 0 0 0 0 0 0 0 0 0 0 0 0 0 0
0 0 0 0 0 0 0 0 0 0 0 0 0 0 0 0 0 0 0 0 0 0 0 0 0 0 0 0
0 0 0 0 0 0 0 0 0 0 0 0 0 0 0 0 0 0 0 0 0 0 0 0 0 0 0 0
0 0 0 0 0 0 0 0 0 0 0 0 0 0 0 0 0 0 0 0 0 0 0 0 0 0 0 0
************************************
Bulurlu image(convolution islemi yapildi)
0 0 0 0 0 0 0 0 0 0 0 0 0 0 0 0 0 0 0 0 0 0 0 0 0 0 0 0
0 0 0 0 0 0 0 0 0 0 0 0 0 0 0 0 0 0 0 0 0 0 0 0 0 0 0 0
0 0 0 0 0 0 0 0 0 6.77778 7.11111 11.7778 18.1111 39.2222 47.6667 47.6667 33 19.8889 6.77778 0 0 0 0 0 0 0 0 0
0 0 0 0 0 0 0 1.55556 21.4444 55.4444 80.4444 92.1111 99.4444 122.556 132.333 132.333 116.667 101.444 69.4444 35.4444 9.
33333 0 0 0 0 0 0 0
0 0 0 0 0 0 0 18.3333 66.4444 128.667 165.111 172.222 172.667 187.333 193.222 191.889 184.667 177.889 152.667 95.5556 41
.2222 5.11111 0 0 0 0 0 0
0 0 0 0 0 0 4.77778 49.2222 125.556 201.333 218.444 195.778 166.111 152.556 146.889 144.444 166.111 200.444 216.444 171.
111 90.6667 26.2222 1.88889 0 0 0 0 0
0 0 0 0 0 0 11 82.1111 166.667 220.889 185.111 127.333 84.7778 69.2222 62.2222 59.7778 82.4444 133.778 196.444 206.556 1
45.667 62.7778 10.2222 0 0 0 0 0
0 0 0 0 0 0 18 100.556 174.444 193.444 118 47.2222 11.5556 4.44444 1.33333 0.222222 14.4444 57.3333 137.778 199.222 184
103.333 27.6667 0 0 0 0 0
0 0 0 0 0 0 34.7778 119.444 176.556 153.667 69 11.8889 0 0 0 0 0 14.8889 83.8889 168.556 203.111 134.111 49.4444 0 0 0 0
 0
0 0 0 0 0 3.77778 56.7778 139.778 171.444 118.444 35.4444 0 0 0 0 0 0 0 50.5556 135.222 200 149.444 64.7778 0 0 0 0 0
0 0 0 0 0 17.7778 92 165.778 165.889 91.6667 17.8889 0 0 0 0 0 0 0 35.3333 120 191 155.667 71 0 0 0 0 0
0 0 0 0 0 41.5556 120.778 173 137.889 58.6667 6.44444 0 0 0 0 0 0 0 28 112.667 183.667 155.667 71 0 0 0 0 0
0 0 0 0 0 61.5556 138.444 164.111 102.556 25.6667 0 0 0 0 0 0 0 0 28 112.667 183.667 155.667 71 0 0 0 0 0
0 0 0 0 1.22222 73.1111 143.889 149.333 77.4444 6.66667 0 0 0 0 0 0 0 0 28 112.667 183.667 155.667 71 0 0 0 0 0
0 0 0 0 12.1111 88.4444 154.778 142.667 66.3333 0 0 0 0 0 0 0 0 0 36.6667 121.333 191.889 155.222 70.5556 0 0 0 0 0
0 0 0 0 23 103.778 170.111 147.111 66.3333 0 0 0 0 0 0 0 0 5.66667 59.4444 144.111 193.667 139.889 55.2222 0 0 0 0 0
0 0 0 0 32.6667 117.333 183.667 151 66.3333 0 0 0 0 0 0 0 5.66667 29.6667 102.333 174.778 182.778 110.111 32 0 0 0 0 0
0 0 0 0 29.1111 112.333 178.667 149.556 66.3333 0 0 0 0 0 0 0.333333 24.5556 76.7778 156.333 188.111 144.667 64.7778 8.7
7778 0 0 0 0 0
0 0 0 0 18.2222 97 164.889 148.889 70.1111 2.22222 0 0 0 5.11111 22 44.7778 92.1111 150 187.667 163 88.6667 28.2222 0.44
4444 0 0 0 0 0
0 0 0 0 7.33333 81.6667 155.667 173.222 118.889 64.8889 60 60 60 71.2222 96.3333 127.333 168.889 197.556 179.889 113.222
 39.4444 6.11111 0 0 0 0 0 0
0 0 0 0 0 56.5556 131.222 184.333 176 149.556 144.667 144.667 144.667 155.889 180.778 209.222 217.333 189.778 121.222 53
.6667 8.11111 0 0 0 0 0 0 0
0 0 0 0 0 32.7778 86.6667 160.889 204.556 227.111 229.333 229.333 229.333 224.222 215.556 193.333 161.333 110.889 57.777
8 18.4444 1.11111 0 0 0 0 0 0 0
0 0 0 0 0 9 34.6667 86.2222 133.667 164.444 169.333 169.333 169.333 158.111 141.222 110.778 78.8889 39.3333 13.3333 0 0
0 0 0 0 0 0 0
0 0 0 0 0 0 2.88889 26.2222 54.4444 79.7778 84.6667 84.6667 84.6667 73.4444 56.7778 28.5556 11.5556 0 0 0 0 0 0 0 0 0 0
0
0 0 0 0 0 0 0 0 0 0 0 0 0 0 0 0 0 0 0 0 0 0 0 0 0 0 0 0
0 0 0 0 0 0 0 0 0 0 0 0 0 0 0 0 0 0 0 0 0 0 0 0 0 0 0 0
0 0 0 0 0 0 0 0 0 0 0 0 0 0 0 0 0 0 0 0 0 0 0 0 0 0 0 0
0 0 0 0 0 0 0 0 0 0 0 0 0 0 0 0 0 0 0 0 0 0 0 0 0 0 0 0
************************************
************************************
sharpaned image(sharpen uygulandi islemi yapildi, sharpen fonksiyonu k=2)
0 0 0 0 0 0 0 0 0 0 0 0 0 0 0 0 0 0 0 0 0 0 0 0 0 0 0 0
0 0 0 0 0 0 0 0 0 0 0 0 0 0 0 0 0 0 0 0 0 0 0 0 0 0 0 0
0 0 0 0 0 0 0 0 0 0 0 0 0 0 0 0 0 0 0 0 0 0 0 0 0 0 0 0
0 0 0 0 0 0 0 0 0 0 0 0 0 0 0 0 0 0 0 0 0 0 0 0 0 0 0 0
0 0 0 0 0 0 0 0 0 0 0 0 0 0 0 195.222 0 0 0 0 0 0 0 0 0 0 0 0
0 0 0 0 0 0 0 0 0 0 100.111 255 255 255 255 255 255 255 255 255 70.6667 0 0 0 0 0 0 0
0 0 0 0 0 0 0 0 0 11.2222 255 255 255 255 255 255 255 255 255 255 255 12.4444 0 0 0 0 0 0
0 0 0 0 0 0 0 0 0 255 255 255 168.889 75.1111 33.3333 0 0 0 108.444 255 255 255 0 0 0 0 0 0
0 0 0 0 0 0 0 0 0 255 255 255 0 0 0 0 0 0 0 64.8889 255 255 126.111 0 0 0 0 0
0 0 0 0 0 0 0 0 0 255 255 0 0 0 0 0 0 0 0 0 255 255 255 0 0 0 0 0
0 0 0 0 0 0 0 0 250.222 255 255 0 0 0 0 0 0 0 0 0 68 255 255 0 0 0 0 0
0 0 0 0 0 0 0 0 255 255 161.111 0 0 0 0 0 0 0 0 0 0 255 255 0 0 0 0 0
0 0 0 0 0 0 0 49.7778 255 255 0 0 0 0 0 0 0 0 0 0 0 255 255 0 0 0 0 0
0 0 0 0 0 0 0 255 255 166.667 0 0 0 0 0 0 0 0 0 0 0 255 255 0 0 0 0 0
0 0 0 0 0 0 0 255 255 0 0 0 0 0 0 0 0 0 0 0 0 255 255 0 0 0 0 0
0 0 0 0 0 0 0 255 255 0 0 0 0 0 0 0 0 0 0 0 0 255 255 0 0 0 0 0
0 0 0 0 0 0 0 255 255 0 0 0 0 0 0 0 0 0 0 0 120.444 255 255 0 0 0 0 0
0 0 0 0 0 0 0 255 255 0 0 0 0 0 0 0 0 0 0 0 255 255 207.444 0 0 0 0 0
0 0 0 0 0 0 0 255 255 0 0 0 0 0 0 0 0 0 0 169 255 255 11.1111 0 0 0 0 0
0 0 0 0 0 0 0 255 255 0 0 0 0 0 0 0 0 0 141.222 255 255 152.778 0 0 0 0 0 0
0 0 0 0 0 0 0 255 255 0 0 0 0 0 0 0 21.3333 226.444 255 255 172.778 0 0 0 0 0 0 0
0 0 0 0 0 0 0 255 255 157.778 81.3333 81.3333 81.3333 91.5556 108.889 255 255 255 255 255 27.7778 0 0 0 0 0 0 0
0 0 0 0 0 0 0 70.5556 255 255 255 255 255 255 255 255 255 255 255 0 0 0 0 0 0 0 0 0
0 0 0 0 0 0 0 0 0 255 255 255 255 255 255 255 255 0 0 0 0 0 0 0 0 0 0 0
0 0 0 0 0 0 0 0 0 0 0 0 0 0 0 0 0 0 0 0 0 0 0 0 0 0 0 0
0 0 0 0 0 0 0 0 0 0 0 0 0 0 0 0 0 0 0 0 0 0 0 0 0 0 0 0
0 0 0 0 0 0 0 0 0 0 0 0 0 0 0 0 0 0 0 0 0 0 0 0 0 0 0 0
0 0 0 0 0 0 0 0 0 0 0 0 0 0 0 0 0 0 0 0 0 0 0 0 0 0 0 0
************************************
*******************************************
Ix matrixi:
0 0 0 0 0 0 0 0 0 0 0 0 0 0 0 0 0 0 0 0 0 0 0 0 0 0 0 0
0 0 0 0 0 0 0 0 0 0 0 0 0 0 0 0 0 0 0 0 0 0 0 0 0 0 0 0
0 0 0 0 0 0 0 0 0 0 0 0 0 195.222 0 -195.222 0 0 0 0 0 0 0 0 0 0 0 0
0 0 0 0 0 0 0 0 100.111 255 154.889 0 0 390.444 0 -390.444 0 0 -184.333 -255 -70.6667 0 0 0 0 0 0 0
0 0 0 0 0 0 0 11.2222 455.222 753.778 309.778 0 0 195.222 0 -195.222 0 0 -368.667 -752.556 -396.333 -12.4444 0 0 0 0 0 0

0 0 0 0 0 0 0 277.444 865.111 742.556 68.7778 -179.889 -135.556 -75.1111 -33.3333 0 108.444 255 -37.7778 -740.111 -835.6
67 -279.889 0 0 0 0 0 0
0 0 0 0 0 0 0 776.222 1020 243.778 -427.222 -614.778 -271.111 -150.222 -66.6667 0 216.889 574.889 548.111 -52.4444 -893.
889 -777.444 -126.111 0 0 0 0 0
0 0 0 0 0 0 0 1020 1020 -255 -851.111 -689.889 -135.556 -75.1111 -33.3333 0 108.444 384.778 911.556 635.222 -512.778 -10
20 -507.222 0 0 0 0 0
0 0 0 0 0 0 250.222 1020 769.778 -765 -1020 -255 0 0 0 0 0 64.8889 833 955.111 58.1111 -1020 -891.111 0 0 0 0 0
0 0 0 0 0 0 755.444 1020 170.667 -1020 -926.111 0 0 0 0 0 0 0 391 1020 629 -1020 -1020 0 0 0 0 0
0 0 0 0 0 49.7778 1015.22 970.222 -438 -1020 -577.222 0 0 0 0 0 0 0 68 1020 952 -1020 -1020 0 0 0 0 0
0 0 0 0 0 354.556 1020 577.111 -858.889 -931.667 -161.111 0 0 0 0 0 0 0 0 1020 1020 -1020 -1020 0 0 0 0 0
0 0 0 0 0 814.778 1020 -226.444 -1020 -588.333 0 0 0 0 0 0 0 0 0 1020 1020 -1020 -1020 0 0 0 0 0
0 0 0 0 0 1020 1020 -853.333 -1020 -166.667 0 0 0 0 0 0 0 0 0 1020 1020 -1020 -1020 0 0 0 0 0
0 0 0 0 0 1020 1020 -1020 -1020 0 0 0 0 0 0 0 0 0 120.444 1020 899.556 -1020 -1020 0 0 0 0 0
0 0 0 0 0 1020 1020 -1020 -1020 0 0 0 0 0 0 0 0 0 495.889 1020 476.556 -1020 -972.444 0 0 0 0 0
0 0 0 0 0 1020 1020 -1020 -1020 0 0 0 0 0 0 0 0 169 885.444 851 -204.444 -1020 -681 0 0 0 0 0
0 0 0 0 0 1020 1020 -1020 -1020 0 0 0 0 0 0 0 141.222 593 878.778 324.778 -790.333 -917.778 -229.667 0 0 0 0 0
0 0 0 0 0 1020 1020 -1020 -1020 0 0 0 0 0 21.3333 226.444 516.111 707.556 400.333 -373.444 -926.667 -560.556 -11.1111 0
0 0 0 0
0 0 0 0 0 1020 1020 -862.222 -938.667 -76.4444 0 10.2222 27.5556 163.444 188.778 452.889 608.556 312.111 -277.889 -867.2
22 -628.333 -152.778 0 0 0 0 0 0
0 0 0 0 0 835.556 1020 -265 -602.333 -152.889 0 20.4444 55.1111 326.889 313.556 226.444 233.667 -226.444 -791.667 -765 -
228.333 0 0 0 0 0 0 0
0 0 0 0 0 396.111 765 526.667 81.3333 -76.4444 0 10.2222 27.5556 163.444 146.111 -255 -255 -510 -737.222 -255 -27.7778 0
 0 0 0 0 0 0
0 0 0 0 0 70.5556 255 694.444 510 0 0 0 0 0 0 -510 -510 -255 -255 0 0 0 0 0 0 0 0 0
0 0 0 0 0 0 0 255 255 0 0 0 0 0 0 -255 -255 0 0 0 0 0 0 0 0 0 0 0
0 0 0 0 0 0 0 0 0 0 0 0 0 0 0 0 0 0 0 0 0 0 0 0 0 0 0 0
0 0 0 0 0 0 0 0 0 0 0 0 0 0 0 0 0 0 0 0 0 0 0 0 0 0 0 0
0 0 0 0 0 0 0 0 0 0 0 0 0 0 0 0 0 0 0 0 0 0 0 0 0 0 0 0
0 0 0 0 0 0 0 0 0 0 0 0 0 0 0 0 0 0 0 0 0 0 0 0 0 0 0 0
*******************************************
*******************************************
Iy matrixi:
0 0 0 0 0 0 0 0 0 0 0 0 0 0 0 0 0 0 0 0 0 0 0 0 0 0 0 0
0 0 0 0 0 0 0 0 0 0 0 0 0 0 0 0 0 0 0 0 0 0 0 0 0 0 0 0
0 0 0 0 0 0 0 0 0 0 0 0 0 195.222 390.444 195.222 0 0 0 0 0 0 0 0 0 0 0 0
0 0 0 0 0 0 0 0 100.111 455.222 865.111 1020 1020 1020 1020 1020 1020 1020 835.667 396.333 70.6667 0 0 0 0 0 0 0
0 0 0 0 0 0 0 11.2222 277.444 776.222 1020 1020 1020 824.778 629.556 824.778 1020 1020 1020 777.444 279.889 12.4444 0 0
0 0 0 0
0 0 0 0 0 0 0 255 664.889 564.778 68.7778 -352.111 -667.556 -878.222 -986.667 -1020 -911.556 -548.111 37.7778 623.667 69
4.333 255 0 0 0 0 0 0
0 0 0 0 0 0 0 243.778 487.556 243.778 -255 -765 -1020 -1020 -1020 -1020 -1020 -955.111 -635.222 52.4444 611.222 494.778
126.111 0 0 0 0 0
0 0 0 0 0 0 0 0 0 -255 -678.889 -667.889 -352.444 -141.778 -33.3333 0 -108.444 -471.889 -618.444 -255 255 510 255 0 0 0
0 0
0 0 0 0 0 0 250.222 500.444 250.222 -255 -510 -255 0 0 0 0 0 -64.8889 -316.778 -438.889 -58.1111 257.778 128.889 0 0 0 0
 0
0 0 0 0 0 0 255 510 161.111 -187.778 -93.8889 0 0 0 0 0 0 0 -255 -510 -255 0 0 0 0 0 0 0
0 0 0 0 0 49.7778 104.333 59.3333 -250.222 -510 -255 0 0 0 0 0 0 0 -68 -136 -68 0 0 0 0 0 0 0
0 0 0 0 0 255 510 166.667 -337.778 -410.556 -161.111 0 0 0 0 0 0 0 0 0 0 0 0 0 0 0 0 0
0 0 0 0 0 205.222 410.444 -49.7778 -510 -255 0 0 0 0 0 0 0 0 0 0 0 0 0 0 0 0 0 0
0 0 0 0 0 0 0 -166.667 -333.333 -166.667 0 0 0 0 0 0 0 0 0 0 0 0 0 0 0 0 0 0
0 0 0 0 0 0 0 0 0 0 0 0 0 0 0 0 0 0 120.444 240.889 120.444 0 0 0 0 0 0 0
0 0 0 0 0 0 0 0 0 0 0 0 0 0 0 0 0 0 255 510 207.444 -95.1111 -47.5556 0 0 0 0 0
0 0 0 0 0 0 0 0 0 0 0 0 0 0 0 0 0 169 472.556 438.111 -109.333 -487.778 -243.889 0 0 0 0 0
0 0 0 0 0 0 0 0 0 0 0 0 0 0 0 0 141.222 537.444 651.222 152.778 -411.889 -517.111 -207.444 0 0 0 0 0
0 0 0 0 0 0 0 0 0 0 0 0 0 0 21.3333 269.111 729.222 822.444 344.778 -333.444 -603.333 -277.222 -11.1111 0 0 0 0 0
0 0 0 0 0 0 0 157.778 396.889 401.778 325.333 335.556 373.333 564.333 873.889 1020 878.778 482.556 -113.444 -607.222 -53
2.778 -152.778 0 0 0 0 0 0
0 0 0 0 0 -184.444 -368.889 70.5556 765 1020 1020 1020 1020 1020 998.667 750.889 290.778 -226.444 -682.778 -600.556 -172
.778 0 0 0 0 0 0 0
0 0 0 0 0 -255 -765 -667.778 113.111 618.222 694.667 684.444 646.667 455.667 146.111 -255 -765 -1020 -792.778 -310.556 -
27.7778 0 0 0 0 0 0 0
0 0 0 0 0 -70.5556 -396.111 -835.556 -1020 -1020 -1020 -1020 -1020 -1020 -1020 -1020 -1020 -765 -255 0 0 0 0 0 0 0 0 0
0 0 0 0 0 0 0 -255 -765 -1020 -1020 -1020 -1020 -1020 -1020 -765 -255 0 0 0 0 0 0 0 0 0 0 0
0 0 0 0 0 0 0 0 0 0 0 0 0 0 0 0 0 0 0 0 0 0 0 0 0 0 0 0
0 0 0 0 0 0 0 0 0 0 0 0 0 0 0 0 0 0 0 0 0 0 0 0 0 0 0 0
0 0 0 0 0 0 0 0 0 0 0 0 0 0 0 0 0 0 0 0 0 0 0 0 0 0 0 0
0 0 0 0 0 0 0 0 0 0 0 0 0 0 0 0 0 0 0 0 0 0 0 0 0 0 0 0
*******************************************
*******************************************
magnitude matrixi:
0 0 0 0 0 0 0 0 0 0 0 0 0 0 0 0 0 0 0 0 0 0 0 0 0 0 0 0
0 0 0 0 0 0 0 0 0 0 0 0 0 0 0 0 0 0 0 0 0 0 0 0 0 0 0 0
0 0 0 0 0 0 0 0 0 0 0 0 0 276.086 390.444 276.086 0 0 0 0 0 0 0 0 0 0 0 0
0 0 0 0 0 0 0 0 141.578 521.778 878.867 1020 1020 1092.18 1020 1092.18 1020 1020 855.756 471.28 99.9378 0 0 0 0 0 0 0
0 0 0 0 0 0 0 15.8706 533.107 1081.99 1066 1020 1020 847.567 629.556 847.567 1020 1020 1084.58 1082.02 485.199 17.5991 0
 0 0 0 0 0
0 0 0 0 0 0 0 376.829 1091.1 932.932 97.2665 395.401 681.18 881.428 987.23 1020 917.984 604.525 53.4258 967.845 1086.48
378.633 0 0 0 0 0 0
0 0 0 0 0 0 0 813.602 1130.54 344.754 497.538 981.416 1055.42 1031 1022.18 1020 1042.8 1114.78 839.007 74.1676 1082.88 9
21.534 178.348 0 0 0 0 0
0 0 0 0 0 0 0 1020 1020 360.624 1088.71 960.22 377.614 160.445 47.1405 0 153.364 608.879 1101.55 684.494 572.683 1140.39
 567.714 0 0 0 0 0
0 0 0 0 0 0 353.868 1136.15 809.425 806.381 1140.39 360.624 0 0 0 0 0 91.7667 891.2 1051.12 82.1815 1052.07 900.384 0 0
0 0 0
0 0 0 0 0 0 797.321 1140.39 234.7 1037.14 930.858 0 0 0 0 0 0 0 466.804 1140.39 678.724 1020 1020 0 0 0 0 0
0 0 0 0 0 70.3964 1020.57 972.035 504.435 1140.39 631.039 0 0 0 0 0 0 0 96.1665 1029.03 954.425 1020 1020 0 0 0 0 0
0 0 0 0 0 436.732 1140.39 600.695 922.921 1018.12 227.846 0 0 0 0 0 0 0 0 1020 1020 1020 1020 0 0 0 0 0
0 0 0 0 0 840.226 1099.48 231.851 1140.39 641.218 0 0 0 0 0 0 0 0 0 1020 1020 1020 1020 0 0 0 0 0
0 0 0 0 0 1020 1020 869.457 1073.08 235.702 0 0 0 0 0 0 0 0 0 1020 1020 1020 1020 0 0 0 0 0
0 0 0 0 0 1020 1020 1020 1020 0 0 0 0 0 0 0 0 0 170.334 1048.06 907.583 1020 1020 0 0 0 0 0
0 0 0 0 0 1020 1020 1020 1020 0 0 0 0 0 0 0 0 0 557.612 1140.39 519.748 1024.42 973.607 0 0 0 0 0
0 0 0 0 0 1020 1020 1020 1020 0 0 0 0 0 0 0 0 239.002 1003.65 957.153 231.843 1130.63 723.355 0 0 0 0 0
0 0 0 0 0 1020 1020 1020 1020 0 0 0 0 0 0 0 199.718 800.31 1093.77 358.917 891.223 1053.43 309.483 0 0 0 0 0
0 0 0 0 0 1020 1020 1020 1020 0 0 0 0 0 30.1699 351.707 893.384 1084.92 528.336 500.646 1105.77 625.36 15.7135 0 0 0 0 0

0 0 0 0 0 1020 1020 876.539 1019.13 408.985 325.333 335.711 374.349 587.525 894.046 1116.02 1068.92 574.694 300.153 1058
.68 823.805 216.06 0 0 0 0 0 0
0 0 0 0 0 855.671 1084.66 274.232 973.669 1031.39 1020 1020.2 1021.49 1071.1 1046.73 784.29 373.031 320.241 1045.43 972.
57 286.336 0 0 0 0 0 0 0
0 0 0 0 0 471.093 1081.87 850.473 139.317 622.931 694.667 684.521 647.253 484.093 206.632 360.624 806.381 1140.39 1082.5
9 401.833 39.2837 0 0 0 0 0 0 0
0 0 0 0 0 99.7806 471.093 1086.46 1140.39 1020 1020 1020 1020 1020 1020 1140.39 1140.39 806.381 360.624 0 0 0 0 0 0 0 0
0
0 0 0 0 0 0 0 360.624 806.381 1020 1020 1020 1020 1020 1020 806.381 360.624 0 0 0 0 0 0 0 0 0 0 0
0 0 0 0 0 0 0 0 0 0 0 0 0 0 0 0 0 0 0 0 0 0 0 0 0 0 0 0
0 0 0 0 0 0 0 0 0 0 0 0 0 0 0 0 0 0 0 0 0 0 0 0 0 0 0 0
0 0 0 0 0 0 0 0 0 0 0 0 0 0 0 0 0 0 0 0 0 0 0 0 0 0 0 0
0 0 0 0 0 0 0 0 0 0 0 0 0 0 0 0 0 0 0 0 0 0 0 0 0 0 0 0
*******************************************
*******************************************
thresold degeri:262.062
*******************************************
******************************************
Edge vectoru size: 233
******************************************
******************************************
elde ettigimiz mesaj: !!!#!~C~cG(2N:F3:Lf1Lf=`f!9@,?|~y~
******************************************
************************************************
Encoding transformed message:!!"%!~C~cG(~N~F3:~f~Lf=~f!9@,~|~y~
************************************************
************************************************
Encoding shifted message:~f~Lf=~f!9@,~|~y~!!"%!~C~cG(~N~F3:
************************************************
**************************************************
encoded matrixi
0 0 0 0 0 0 0 0 0 0 0 0 0 0 0 0 0 0 0 0 0 0 0 0 0 0 0 0
0 0 0 0 0 0 0 0 0 0 0 0 0 0 0 0 0 0 0 0 0 0 0 0 0 0 0 0
0 0 0 0 0 0 0 0 0 0 0 0 0 49 48 49 0 0 0 0 0 0 0 0 0 0 0 0
0 0 0 0 0 0 0 0 0 49 49 48 49 49 48 48 48 49 48 49 0 0 0 0 0 0 0 0
0 0 0 0 0 0 0 0 49 48 49 63 49 53 59 48 59 59 63 48 49 0 0 0 0 0 0 0
0 0 0 0 0 0 0 49 49 55 179 58 54 57 63 63 63 63 245 53 59 49 0 0 0 0 0 0
0 0 0 0 0 0 0 48 48 59 63 63 63 59 48 57 57 58 63 254 56 55 0 0 0 0 0 0
0 0 0 0 0 0 0 48 53 53 63 49 48 28 12 0 0 49 48 62 63 54 57 0 0 0 0 0
0 0 0 0 0 0 49 48 60 63 62 53 0 0 0 0 0 0 49 51 250 63 53 0 0 0 0 0
0 0 0 0 0 0 49 48 63 63 63 0 0 0 0 0 0 0 49 48 63 63 63 0 0 0 0 0
0 0 0 0 0 0 48 49 49 63 51 0 0 0 0 0 0 0 0 49 59 63 59 0 0 0 0 0
0 0 0 0 0 49 48 49 63 55 58 0 0 0 0 0 0 0 0 48 59 63 59 0 0 0 0 0
0 0 0 0 0 48 49 126 63 53 0 0 0 0 0 0 0 0 0 49 59 63 58 0 0 0 0 0
0 0 0 0 0 48 49 59 55 60 0 0 0 0 0 0 0 0 0 49 59 63 59 0 0 0 0 0
0 0 0 0 0 48 48 59 51 0 0 0 0 0 0 0 0 0 0 48 58 63 58 0 0 0 0 0
0 0 0 0 0 48 53 61 51 0 0 0 0 0 0 0 0 0 48 48 58 63 58 0 0 0 0 0
0 0 0 0 0 48 49 63 51 0 0 0 0 0 0 0 0 0 48 48 162 63 56 0 0 0 0 0
0 0 0 0 0 49 49 63 51 0 0 0 0 0 0 0 0 48 48 57 55 63 53 0 0 0 0 0
0 0 0 0 0 49 49 63 51 0 0 0 0 0 0 49 48 49 57 51 63 49 4 0 0 0 0 0
0 0 0 0 0 48 49 56 51 48 49 49 49 48 49 49 48 49 51 63 49 55 0 0 0 0 0 0
0 0 0 0 0 48 48 59 58 58 49 49 48 48 48 55 60 53 63 63 63 0 0 0 0 0 0 0
0 0 0 0 0 48 49 59 254 55 58 59 58 59 180 53 63 63 53 63 10 0 0 0 0 0 0 0
0 0 0 0 0 0 49 56 55 63 63 63 63 63 63 63 62 53 60 0 0 0 0 0 0 0 0 0
0 0 0 0 0 0 0 49 61 57 63 63 63 63 63 60 52 0 0 0 0 0 0 0 0 0 0 0
0 0 0 0 0 0 0 0 0 0 0 0 0 0 0 0 0 0 0 0 0 0 0 0 0 0 0 0
0 0 0 0 0 0 0 0 0 0 0 0 0 0 0 0 0 0 0 0 0 0 0 0 0 0 0 0
0 0 0 0 0 0 0 0 0 0 0 0 0 0 0 0 0 0 0 0 0 0 0 0 0 0 0 0
0 0 0 0 0 0 0 0 0 0 0 0 0 0 0 0 0 0 0 0 0 0 0 0 0 0 0 0
**************************************************