0 0 0 0 0 0 0 0 0 0 0 0 0 0 0 0 0 0 0 0 0 0 0 0 0 0 0 0
0 0 0 0 0 0 0 0 0 0 0 0 0 0 0 0 0 0 0 0 0 0 0 0 0 0 0 0
0 0 0 0 0 0 0 0 0 0 0 0 0 0 0 0 0 0 0 0 0 0 0 0 0 0 0 0
0 0 0 0 0 0 0 0 0 0 0 0 0 0 0 0 0 0 0 0 0 0 0 0 0 0 0 0
0 0 0 0 0 0 0 0 0 0 0 22.1111 0 0 108.889 255 89.3333 120.667 0 0 0 0 0 0 0 0 0 0
0 0 0 0 0 0 0 0 0 0 255 255 255 255 255 255 255 255 255 255 60.8889 0 0 0 0 0 0 0
0 0 0 0 0 0 0 0 0 201.889 255 255 255 255 255 240.222 245.111 207.778 255 255 255 0 0 0 0 0 0 0
0 0 0 0 0 0 0 0 0 255 255 255 0 0 0 0 0 0 116.444 255 255 227.667 0 0 0 0 0 0
0 0 0 0 0 0 0 0 0 255 255 85 0 0 0 0 0 0 0 126.444 255 255 18.3333 0 0 0 0 0
0 0 0 0 0 0 0 0 0 255 166.667 0 0 0 0 0 0 0 0 0 255 255 202.778 0 0 0 0 0
0 0 0 0 0 0 0 0 255 255 72.1111 0 0 0 0 0 0 0 0 0 179.556 255 255 0 0 0 0 0
0 0 0 0 0 0 0 0 255 255 0 0 0 0 0 0 0 0 0 0 12 255 255 0 0 0 0 0
0 0 0 0 0 0 0 136.444 255 237.222 0 0 0 0 0 0 0 0 0 0 26.6667 255 255 0 0 0 0 0
0 0 0 0 0 0 0 255 255 0 0 0 0 0 0 0 0 0 0 0 26.6667 255 255 0 0 0 0 0
0 0 0 0 0 0 0 255 255 0 0 0 0 0 0 0 0 0 0 0 26.6667 255 255 0 0 0 0 0
0 0 0 0 0 0 0 255 255 0 0 0 0 0 0 0 0 0 0 0 9.33333 255 255 0 0 0 0 0
0 0 0 0 0 0 86.4444 255 255 0 0 0 0 0 0 0 0 0 0 0 197.778 255 255 0 0 0 0 0
0 0 0 0 0 0 59.3333 255 255 0 0 0 0 0 0 0 0 0 0 0 255 255 4.77778 0 0 0 0 0
0 0 0 0 0 0 69.3333 255 255 0 0 0 0 0 0 0 0 0 0 182.333 255 255 0 0 0 0 0 0
0 0 0 0 0 0 4 255 255 0 0 0 0 0 0 0 0 0 201 255 255 0 0 0 0 0 0 0
0 0 0 0 0 0 0 255 255 0 0 0 0 0 0 0 201.333 255 255 255 0 0 0 0 0 0 0 0
0 0 0 0 0 0 0 255 255 255 240.889 250.667 250.667 250.667 228.222 255 255 255 255 225.556 0 0 0 0 0 0 0 0
0 0 0 0 0 0 0 69.6667 255 255 255 255 255 255 255 255 255 255 138.222 0 0 0 0 0 0 0 0 0
0 0 0 0 0 0 0 0 0 255 255 255 255 255 255 176.556 90.4444 0 0 0 0 0 0 0 0 0 0 0
0 0 0 0 0 0 0 0 0 0 0 0 0 0 0 0 0 0 0 0 0 0 0 0 0 0 0 0
0 0 0 0 0 0 0 0 0 0 0 0 0 0 0 0 0 0 0 0 0 0 0 0 0 0 0 0
0 0 0 0 0 0 0 0 0 0 0 0 0 0 0 0 0 0 0 0 0 0 0 0 0 0 0 0
0 0 0 0 0 0 0 0 0 0 0 0 0 0 0 0 0 0 0 0 0 0 0 0 0 0 0 0